{
    "enemyID": 2011,
    "type": 1,
    "layerIndex": 1,
    "layerMask": 2,
    "timeout": 0,
    "waveID": 0,
    "baseHp": 95.85224914550781,
    "baseDamage": 49.053558349609378,
    "armor": 0.0,
    "fireRate": 1.651545763015747,
    "range": 13.158801078796387,
    "moveSpeed": 2.6461362838745119,
    "areaGridW": 1,
    "areaGridH": 1
}