{
    "enemyID": 2009,
    "type": 0,
    "layerIndex": 1,
    "layerMask": 2,
    "timeout": 0,
    "waveID": 0,
    "baseHp": 35.09433364868164,
    "baseDamage": 23.55891990661621,
    "armor": 0.0,
    "fireRate": 1.9880391359329224,
    "range": 14.890085220336914,
    "moveSpeed": 2.8968143463134767,
    "areaGridW": 1,
    "areaGridH": 1
}