{
    "enemyID": 2015,
    "type": 1,
    "layerIndex": 1,
    "layerMask": 2,
    "timeout": 0,
    "waveID": 0,
    "baseHp": 254.8800811767578,
    "baseDamage": 64.08618927001953,
    "armor": 0.0,
    "fireRate": 2.4022867679595949,
    "range": 14.351914405822754,
    "moveSpeed": 5.894669532775879,
    "areaGridW": 1,
    "areaGridH": 1
}