{
    "enemyID": 2006,
    "type": 0,
    "layerIndex": 1,
    "layerMask": 2,
    "timeout": 0,
    "waveID": 0,
    "baseHp": 31.833831787109376,
    "baseDamage": 44.21047592163086,
    "armor": 0.0,
    "fireRate": 1.9920480251312256,
    "range": 7.319962024688721,
    "moveSpeed": 3.5352017879486086,
    "areaGridW": 1,
    "areaGridH": 1
}