{
    "enemyID": 2005,
    "type": 0,
    "layerIndex": 1,
    "layerMask": 2,
    "timeout": 0,
    "waveID": 0,
    "baseHp": 15.593896865844727,
    "baseDamage": 8.574926376342774,
    "armor": 0.0,
    "fireRate": 2.5331530570983888,
    "range": 14.384989738464356,
    "moveSpeed": 3.2869086265563967,
    "areaGridW": 1,
    "areaGridH": 1
}