{
    "enemyID": 2007,
    "type": 0,
    "layerIndex": 1,
    "layerMask": 2,
    "timeout": 0,
    "waveID": 0,
    "baseHp": 16.300098419189454,
    "baseDamage": 158.0210418701172,
    "armor": 0.0,
    "fireRate": 0.7033622860908508,
    "range": 9.651610374450684,
    "moveSpeed": 6.182496070861816,
    "areaGridW": 1,
    "areaGridH": 1
}